1 31.38
2 31.38
3 31.38
4 31.38
5 31.38
6 31.38
7 31.38
8 31.38
9 31.38
10 31.38
11 31.38
12 31.38
13 31.38
14 31.38
15 31.38
16 31.38
17 31.38
18 31.38
19 31.38
20 31.47
21 31.66
22 32.89
23 33.46
24 33.85
25 34.33
26 34.63
27 35.02
28 35.12
29 35.22
30 35.42
31 35.61
32 35.61
33 35.71
34 35.42
35 35.22
36 35.02
37 34.73
38 34.53
39 34.33
40 34.24
41 34.04
42 33.85
43 33.75
44 33.56
45 33.46
46 33.37
47 33.27
48 33.18
49 33.08
50 32.98
51 32.89
52 32.79
53 32.70
54 32.70
55 32.60
56 32.51
57 32.51
58 32.41
59 32.32
60 32.32
61 32.22
62 32.22
63 32.13
64 32.13
65 32.03
66 32.03
